27
55 -8 60402
-43 96 2934
69 -4 31515
-25 48 23221
49 -18 87553
-99 -80 33176
-29 19 38239
96 90 79153
-44 38 10263
-26 -1 10089
5 -78 22066
20 96 13022
98 62 73595
-31 4 17750
-86 -73 4027
-77 49 74717
53 8 93214
73 -80 84292
-88 -77 68588
100 32 41959
-76 93 64028
-56 37 90121
18 -24 20050
-57 84 85436
-1 -64 36487
-25 -8 14109
27 19 5020
1335
56 74 86 1170 9 6
149 20 247 1753 18 8
137 64 486 1916 4 7
96 51 129 1841 20 7
101 31 141 1855 10 6
102 9 210 1710 5 7
76 46 124 1096 19 2
74 75 451 1154 12 9
155 69 464 1297 8 10
56 49 455 1042 3 6
141 14 67 1019 0 1
59 42 15 666 23 1
84 9 122 947 1 1
122 29 406 588 5 8
80 5 133 1956 23 10
117 7 252 647 18 1
68 -1 18 1316 7 11
89 -5 466 1727 20 5
139 30 79 787 12 2
97 68 307 1964 19 7
74 37 400 736 19 6
80 86 175 362 2 7
95 78 436 1704 16 8
130 16 489 622 13 4
118 49 217 719 26 9
142 30 40 1628 17 10
116 77 220 1144 19 7
121 26 360 1235 8 3
109 31 405 1608 14 9
112 74 8 1841 26 11
151 -1 121 883 18 10
139 -6 119 1182 21 4
138 66 102 1398 66 8
106 30 463 715 19 4
71 28 500 1252 8 3
123 81 323 1850 21 9
102 30 51 1107 21 5
24 195 179 622 24 7
44 177 402 1602 20 5
-20 177 419 842 23 2
46 129 227 967 20 2
-14 189 363 1742 16 3
28 123 331 1212 13 7
-12 139 14 483 16 5
-16 105 393 1919 13 9
28 187 252 1411 3 4
-24 173 125 1583 15 9
30 135 166 868 0 6
-4 117 58 930 3 6
24 187 387 1259 23 5
54 111 27 632 15 5
-40 105 304 1719 24 6
12 171 289 544 24 7
48 161 476 597 15 10
14 181 141 1681 25 10
12 167 46 331 7 5
4 153 493 1400 5 3
-22 111 404 1396 13 7
-32 107 48 969 5 5
8 193 469 1019 7 8
20 165 212 395 13 7
0 155 31 711 14 3
-8 107 178 1219 24 9
12 173 248 640 5 10
6 121 372 1213 9 2
-16 187 164 409 15 9
44 175 6 819 19 9
22 173 251 770 12 10
12 103 464 1692 1 4
-42 155 3 750 15 4
-24 179 312 918 4 9
140 17 55 542 2 4
95 51 332 1820 2 3
165 75 426 1179 3 3
137 95 196 586 24 6
142 83 374 582 23 10
139 18 354 1945 21 7
123 49 331 1006 2 9
95 13 336 856 7 8
99 49 227 1226 24 5
69 26 199 556 16 1
81 67 193 711 6 10
165 84 375 1518 12 3
143 90 53 1739 22 7
137 48 259 431 6 1
142 18 135 389 11 5
104 65 395 1083 20 7
83 37 177 416 7 7
163 69 300 1347 1 10
92 92 347 684 2 10
124 90 177 1950 9 7
125 80 330 1625 21 4
90 -3 135 254 16 1
97 89 326 1471 10 10
161 92 479 1974 12 8
73 44 216 372 2 10
153 93 215 1874 16 10
104 16 45 867 26 11
71 44 136 751 0 6
102 79 162 655 18 6
133 67 441 1782 26 9
165 57 237 1540 8 9
146 85 496 1496 16 6
107 6 300 1093 11 3
122 51 129 1582 7 2
76 -3 281 1413 9 6
76 36 257 1659 4 7
154 -2 206 1180 12 9
103 64 390 1897 4 10
82 83 80 586 18 9
162 3 25 1535 26 9
120 -2 187 1594 16 10
73 20 19 1894 16 4
142 64 498 1583 9 2
99 52 120 709 6 7
151 52 352 1285 7 10
111 49 248 666 2 6
107 58 164 1283 1 11
70 81 300 1517 23 11
74 45 78 1653 22 4
119 66 479 852 3 6
163 0 481 934 4 10
121 68 308 1883 14 9
93 6 316 981 14 4
77 70 356 842 19 10
162 37 371 819 18 5
127 37 378 1461 2 7
159 11 309 1520 20 5
107 5 193 315 9 5
141 71 333 914 2 9
130 42 478 1261 2 3
102 45 343 901 23 8
154 45 233 1006 19 3
8 135 406 1277 6 6
-8 93 353 1475 22 9
56 101 267 1871 18 5
-18 99 232 1515 19 7
-4 53 338 1439 20 1
66 83 125 525 24 5
16 109 426 925 12 7
4 129 135 640 6 5
26 143 77 845 9 9
24 73 198 1764 22 5
72 109 11 598 2 11
66 89 326 1575 20 6
-2 51 196 1787 21 6
-8 129 406 898 10 8
36 117 232 991 4 3
22 77 124 1589 17 1
-22 137 95 1817 13 2
50 103 431 542 0 3
52 49 327 1155 26 2
-18 123 205 863 12 11
56 73 465 718 20 3
26 73 435 1137 1 6
68 93 123 912 13 1
34 85 499 1655 2 2
10 101 24 1476 7 4
18 69 304 1510 20 3
52 87 388 1341 1 9
42 49 280 389 23 2
12 61 455 997 15 2
52 111 458 1130 10 3
2 79 360 1090 24 1
12 99 257 1310 7 4
62 91 198 1134 12 7
70 79 424 910 10 9
-16 99 143 342 13 4
-2 113 381 1350 23 10
-22 49 206 1608 9 3
48 129 132 802 19 5
58 71 253 1943 15 3
2 145 323 1278 20 2
34 89 207 1416 3 4
-14 75 144 1234 18 4
-16 139 153 1258 7 9
2 101 13 1971 3 10
34 79 363 866 12 3
-4 141 102 1036 13 5
127 47 432 1678 2 2
121 61 193 870 2 4
86 70 16 1787 9 6
65 55 125 1130 2 11
147 33 109 485 22 1
141 44 280 632 7 1
92 24 222 1935 23 1
102 7 14 1822 16 6
124 78 32 240 12 4
60 48 214 1632 1 8
87 28 379 1187 0 7
145 24 163 611 18 6
108 28 14 882 16 10
75 -3 298 630 13 2
96 43 31 1490 1 1
145 -11 214 1029 23 8
115 -12 499 1896 8 7
117 74 163 607 27 10
86 7 120 1285 7 1
131 10 234 1459 3 7
127 66 299 1787 1 3
123 24 111 1836 24 10
142 72 230 1615 6 1
127 40 393 1620 2 9
109 2 370 1065 19 3
94 18 14 988 16 11
85 30 346 1219 5 2
59 73 264 852 4 10
122 39 102 1621 7 8
74 54 120 1907 23 8
58 31 243 1476 9 8
71 35 184 413 20 7
67 71 182 1058 20 10
75 36 360 772 7 7
99 -16 6 1174 7 8
61 43 324 923 19 5
57 50 128 1678 6 1
-48 5 154 1270 36 11
-84 -61 70 1089 3 7
-98 -67 418 1279 22 3
-92 -43 4 1583 14 2
-98 3 469 1300 13 4
-94 -47 3 1604 5 4
-48 -69 323 1717 9 2
-24 -55 257 1032 5 8
-98 -37 188 926 12 11
-92 -73 379 979 15 1
-18 -11 311 1205 9 2
-78 3 8 958 19 5
-22 -55 4 184 2 10
-14 15 39 1348 23 5
-56 13 404 1377 23 6
-14 -11 365 1388 4 10
-84 -51 135 1343 6 6
-38 -69 344 1759 19 7
-40 3 212 1907 21 2
-76 -23 141 519 13 1
-18 -65 301 866 18 8
-8 -53 47 621 9 11
-90 5 71 857 19 1
-38 -75 264 1502 0 11
-82 -23 318 453 9 11
-14 -27 11 407 24 7
-30 -69 76 1976 17 8
-50 13 441 1927 15 11
-50 -41 185 1579 19 2
-12 -65 366 1756 2 10
-80 3 168 1677 17 1
-12 -57 286 1544 10 2
-4 -55 465 1601 18 6
-34 -5 320 817 18 3
-86 -11 88 1939 13 8
-30 -37 391 1171 16 7
-30 7 217 1589 20 8
-82 -19 123 277 12 8
-50 -13 301 1347 8 3
-78 -27 211 956 23 2
-54 -19 143 948 3 11
-46 -57 319 1336 23 6
-28 -43 235 1779 4 9
-10 -73 237 739 2 5
-22 -17 228 1334 20 7
-50 -77 489 1222 7 5
-22 -45 156 716 16 5
-8 -33 195 1755 4 10
-30 -47 36 560 2 2
-68 -67 407 1461 2 7
-28 11 194 1359 8 10
-58 -43 43 779 2 9
-78 13 123 1080 6 1
-14 -49 261 547 10 3
-19 64 370 858 14 7
-1 99 305 1945 14 3
27 94 53 1117 13 4
-3 57 455 620 13 4
-15 43 55 1120 2 5
40 95 177 1997 23 1
21 50 108 1246 22 11
20 71 336 1659 13 10
10 29 175 490 22 11
47 59 22 450 18 7
54 53 454 1204 22 7
67 24 72 472 7 9
-29 34 62 497 2 11
23 101 96 1850 11 7
23 101 273 675 5 8
17 25 264 1992 9 9
58 30 287 1022 24 6
34 88 16 702 3 11
58 38 347 1022 6 3
40 54 41 199 17 10
40 41 415 1311 7 9
0 54 102 1612 12 7
-15 28 326 1283 4 10
-8 38 205 1608 12 5
7 40 135 589 15 3
71 80 319 1784 13 1
-18 104 50 203 26 9
-15 105 255 1994 23 8
3 58 178 1295 11 3
11 20 17 1845 3 7
36 60 391 1487 6 8
21 52 364 1555 4 7
60 36 21 137 20 6
19 73 197 1883 21 6
69 92 487 1990 13 3
63 111 86 1238 0 9
41 25 438 1248 22 9
59 77 0 644 24 8
-29 117 401 1153 5 5
28 78 163 567 23 1
36 41 242 440 23 8
32 57 461 1927 11 6
30 21 287 1991 9 6
62 71 332 1595 26 10
30 85 24 759 2 9
-6 104 75 548 10 3
12 114 33 544 23 1
4 70 441 1003 6 3
5 40 483 1191 6 11
28 70 155 1650 19 2
39 25 338 1032 14 5
-3 95 90 1431 2 8
65 49 286 1813 12 11
17 99 408 550 5 5
-26 45 413 672 9 10
7 112 331 705 7 9
22 35 465 1510 2 2
2 30 333 925 21 1
66 57 17 1004 9 11
-26 73 492 1231 23 2
37 61 202 329 16 3
51 47 373 806 14 3
70 44 131 1388 2 5
50 93 57 897 12 6
11 22 474 724 6 9
-9 62 127 1555 2 7
68 19 244 1733 26 6
21 61 208 1316 20 2
31 44 349 687 9 4
28 63 382 1768 10 7
34 102 472 1386 12 7
-27 23 425 889 2 6
48 37 435 1819 2 8
-8 69 8 1295 1 5
-12 112 105 1872 9 7
-14 82 57 207 2 7
46 111 445 1991 12 9
19 61 445 828 2 3
-22 49 140 1778 7 6
53 117 45 1861 13 5
192 106 433 768 5 3
186 158 228 1014 3 10
136 162 159 711 6 1
97 134 390 693 21 1
156 185 358 1182 10 1
123 139 58 449 6 2
102 103 54 1308 2 1
160 120 382 1041 24 2
183 95 439 909 10 8
171 151 125 1441 20 6
129 121 135 765 18 4
102 149 98 809 12 3
111 123 252 1913 13 2
142 143 97 1078 21 2
191 184 453 1540 8 4
105 101 36 1263 23 1
127 163 36 474 0 2
148 186 160 664 2 7
107 157 290 861 19 4
193 152 379 1390 20 4
177 119 454 1166 12 9
102 146 284 1931 17 8
167 95 283 1580 6 10
187 107 286 1204 14 1
144 140 315 1243 8 6
128 184 169 444 17 4
98 125 443 922 22 10
181 119 296 1225 8 4
145 158 90 1318 2 7
170 188 401 1162 7 1
107 106 266 630 5 8
109 171 38 1716 14 3
152 127 115 976 22 6
192 145 210 1176 23 8
162 170 264 1712 17 11
128 113 150 1459 21 5
132 107 418 1931 15 8
99 99 491 812 11 8
124 133 206 1099 24 3
192 178 369 1005 17 1
103 171 172 955 22 5
102 115 9 1319 11 8
194 98 224 1711 11 7
149 136 455 712 8 1
97 190 406 1805 16 2
2 60 35 1903 11 8
7 116 304 1009 20 10
25 54 486 1629 7 9
-35 100 450 1869 14 3
31 104 380 594 12 11
-43 52 1 231 18 10
52 129 321 1171 7 4
40 123 105 1097 19 8
53 128 58 885 21 10
3 114 8 1050 23 2
-33 92 69 1511 19 10
14 134 374 1599 11 9
-39 89 59 883 17 11
-3 88 93 1812 22 4
6 137 85 533 10 11
45 82 250 1631 66 2
-34 87 420 762 10 10
40 74 409 930 10 4
51 114 35 999 10 8
16 135 419 1100 15 1
16 127 244 1053 22 6
37 44 406 650 13 1
5 44 461 1880 3 2
-8 102 36 1195 0 5
-34 61 165 1543 12 3
50 85 320 1366 3 3
-19 117 1 1066 4 1
-28 84 407 1124 25 1
37 83 333 732 20 1
-3 68 345 1517 11 1
-2 94 257 858 10 1
-30 117 57 1903 21 11
30 107 336 584 5 9
13 45 121 1924 18 2
-23 89 493 859 15 11
-3 77 241 1959 13 2
46 55 401 1406 20 3
-3 84 286 1737 16 5
-23 52 495 1876 14 9
-31 87 276 1917 11 2
21 134 445 664 17 11
13 40 70 490 6 10
-23 52 376 1843 36 8
22 100 87 1848 21 5
-30 80 28 1356 7 2
-14 131 489 1966 11 7
14 106 45 1462 7 1
-11 96 255 722 2 8
44 59 365 1019 25 5
-29 78 378 1351 24 5
-25 78 277 875 12 3
3 82 273 1488 22 2
30 130 212 1969 12 3
-35 98 285 1865 15 8
53 49 10 1245 24 8
-19 36 487 670 4 10
72 76 20 487 14 1
32 31 371 1964 18 3
27 83 113 1474 3 6
12 36 131 1409 24 9
37 58 363 1180 8 2
16 76 134 1262 18 2
57 26 227 1056 13 1
53 91 408 1500 2 1
-4 38 414 1502 9 6
8 11 327 1878 18 2
16 87 281 1641 24 6
6 87 133 989 14 7
22 52 499 1056 8 1
22 22 51 602 13 7
-12 67 330 1813 0 7
-13 46 344 780 24 4
47 1 115 1913 8 6
8 62 90 228 19 4
11 43 358 943 9 11
7 41 441 1130 18 5
32 97 421 1205 9 5
-2 78 410 1812 14 8
-8 97 376 624 9 3
-14 23 379 1589 4 9
61 78 410 1779 24 4
46 66 208 1916 14 4
-9 27 344 1033 3 1
16 47 467 654 8 3
52 62 85 1929 8 6
-24 27 455 910 18 3
-25 1 123 1588 13 5
71 37 133 782 24 7
6 81 61 1309 4 5
61 0 267 1606 8 6
13 52 355 582 14 1
37 31 425 1058 24 10
12 22 19 337 13 9
-9 31 414 1001 18 10
47 0 64 1828 14 3
17 61 396 1496 14 10
32 77 144 1145 13 1
62 93 459 743 9 3
-4 72 90 716 23 3
32 -19 438 867 9 5
62 -23 395 1084 8 1
86 -61 196 1187 3 8
14 -71 479 1823 12 10
64 -45 452 1367 17 11
30 -23 167 710 5 2
38 -75 292 844 11 6
58 -67 176 1293 12 6
56 -29 181 1649 54 4
14 -55 287 919 8 10
70 -35 281 623 19 9
52 -35 366 627 24 7
82 -69 14 198 5 9
44 -33 367 1821 8 11
50 -71 242 561 26 9
90 -27 294 1086 16 7
40 15 91 785 5 3
52 -37 269 1549 26 1
56 -37 309 1838 16 6
28 15 142 1674 4 1
92 17 340 1883 23 11
76 -27 139 1423 8 6
26 -61 390 1896 4 1
68 9 472 1288 7 3
26 -1 408 1815 5 3
52 1 343 1471 2 4
64 13 35 824 21 1
22 -7 104 237 16 4
10 -7 377 1265 2 8
102 -45 216 742 0 9
6 -45 444 1046 15 5
62 3 389 1405 10 10
34 -41 92 1067 23 7
60 -21 470 1004 23 3
98 -41 490 1370 17 10
26 -39 163 888 24 1
30 -67 485 1248 4 2
10 13 65 742 1 5
18 -21 325 620 26 11
88 -5 374 1020 19 4
42 -31 147 1053 8 3
14 -43 484 1925 15 8
68 -9 227 1979 19 4
92 -53 431 1123 5 5
52 -41 12 355 2 3
76 11 194 402 9 2
72 -13 434 839 18 9
50 1 489 1727 23 9
72 -63 445 1979 8 11
34 -77 477 1489 4 7
76 -21 79 736 13 8
98 5 144 1633 16 2
64 1 327 941 18 3
54 -13 441 914 8 4
88 -27 372 1697 23 4
10 -7 295 1074 3 8
42 17 51 637 8 1
42 -37 437 1815 12 6
74 -35 447 1737 26 7
56 -57 451 697 8 4
26 -45 114 1895 22 4
26 -23 204 775 5 4
88 -69 217 569 18 7
30 -15 336 1761 19 2
39 179 326 788 21 11
91 165 301 1346 8 8
47 115 301 1193 12 5
37 153 73 1845 13 2
65 137 269 753 5 7
109 139 242 1063 26 10
65 155 46 1052 9 4
115 119 264 960 20 2
113 111 146 682 12 5
79 125 158 941 4 7
89 159 165 1580 0 10
91 175 301 774 5 1
23 131 497 1456 12 9
31 111 254 570 12 1
21 143 439 549 8 7
57 129 68 1576 12 9
107 119 461 996 18 2
55 177 153 1029 19 8
107 125 152 1686 11 8
81 111 87 1768 14 10
61 147 18 1546 8 6
75 167 96 200 23 5
31 145 314 1896 1 11
113 105 476 1346 25 6
95 165 215 1611 17 4
95 185 287 623 5 2
35 109 47 1095 9 6
117 191 452 885 13 2
67 137 33 1432 19 3
83 191 240 1281 13 4
53 147 139 742 25 5
55 135 355 1454 19 10
87 191 62 1485 14 7
41 187 421 666 13 9
57 133 418 529 24 2
53 181 315 563 2 5
109 149 74 576 3 2
81 117 7 1626 7 11
181 69 420 766 14 11
173 93 57 1875 16 10
167 153 187 1395 4 6
119 73 408 713 12 8
175 143 83 927 8 1
101 125 296 939 16 4
145 157 351 1042 12 7
111 121 181 287 16 3
141 161 64 1334 14 4
185 135 35 543 8 2
109 99 226 1064 5 11
151 121 160 892 16 9
195 145 335 534 18 5
111 73 251 1687 13 10
135 77 334 1073 7 3
151 137 200 695 15 1
171 117 493 825 9 11
145 155 471 1520 16 2
143 105 313 1581 9 11
145 67 345 1219 0 2
195 97 270 660 14 3
99 81 429 1958 20 10
175 149 109 1535 11 11
121 141 246 1250 5 2
103 89 252 778 25 9
101 71 308 1393 22 9
149 149 371 1660 18 7
139 115 23 294 2 9
111 117 176 862 8 5
121 125 187 1513 23 4
187 107 132 1429 26 1
165 135 152 680 10 10
109 63 194 970 22 4
169 161 493 1157 14 2
155 73 299 1405 11 6
183 147 307 451 9 3
169 95 418 1235 24 6
155 147 166 353 18 1
137 77 376 1893 23 11
159 75 350 757 15 10
187 137 333 1020 10 1
179 133 391 610 2 11
131 109 91 1325 25 6
135 83 404 1805 13 5
161 125 255 1735 3 1
193 121 36 352 20 7
125 99 483 1844 3 7
109 71 494 1516 2 11
59 24 216 872 9 6
41 78 146 1255 15 2
-22 80 127 1211 4 6
51 17 36 1646 7 6
27 22 214 1592 13 3
-28 74 105 1893 8 6
63 20 253 632 25 2
63 58 352 915 12 5
-17 44 374 1540 25 9
6 4 108 748 24 1
-21 29 346 1960 15 10
49 29 231 1381 22 6
6 68 340 1096 7 2
56 51 145 1246 24 10
-13 72 218 1906 18 11
9 95 276 1768 13 1
2 35 107 1184 30 3
19 77 220 1074 39 4
17 50 194 1563 17 5
33 8 259 1584 8 7
8 32 210 684 2 1
27 54 439 927 6 10
-26 82 141 535 6 11
64 43 150 1453 20 9
7 58 190 1668 23 7
-22 96 102 909 19 7
5 18 277 1889 10 10
9 43 99 1182 12 3
1 93 131 799 23 8
48 34 447 1001 13 5
30 40 167 1079 17 11
-28 55 488 671 25 10
-18 56 429 1606 5 7
28 48 368 1806 0 3
53 72 65 1396 1 7
-22 27 478 1401 2 1
56 13 135 1999 9 11
5 97 435 1032 6 9
9 102 181 1696 5 5
3 20 163 1762 16 8
-31 64 216 800 9 4
41 47 112 1179 3 1
-11 25 399 833 15 10
-20 61 159 599 21 3
57 59 463 850 8 1
-6 20 469 1425 13 10
12 63 354 1209 5 10
23 26 312 821 8 5
-20 12 59 236 1 11
33 94 360 625 12 1
2 58 416 986 18 5
15 11 473 1786 1 6
36 22 493 1672 5 8
-8 88 384 1919 10 1
-12 29 98 1407 9 2
3 97 30 792 5 4
39 68 377 1643 12 11
-17 13 318 1444 16 2
20 95 234 1855 2 8
-3 54 88 1910 3 2
-29 26 341 1241 20 7
-19 95 162 422 12 5
37 33 105 774 7 1
63 91 98 1083 10 6
-17 13 430 1031 23 1
10 28 266 714 7 6
37 63 466 861 7 6
-27 48 382 529 23 4
65 101 203 713 5 10
-37 -42 82 1953 20 4
-17 -46 326 1086 24 1
-3 -2 357 1360 13 1
-75 -4 178 1732 14 5
9 -16 161 336 5 5
-7 -56 38 235 14 7
-19 2 418 1467 23 9
7 -22 168 1060 2 7
-61 -40 126 649 16 10
-77 -54 420 576 23 5
-79 -64 4 1333 2 2
-71 -20 18 1437 6 8
-17 -68 50 952 6 3
-65 -60 141 1956 22 3
-19 -72 109 565 21 2
-27 -52 218 614 17 4
-85 2 500 1549 2 4
-29 -64 451 1574 1 4
1 -32 144 1362 26 1
-31 -48 371 500 10 6
-65 18 26 681 9 3
-23 -16 465 1213 2 2
-83 -10 354 1099 8 1
-55 -4 275 569 24 2
-9 -56 256 1026 25 10
-53 12 383 1760 15 7
-61 -52 200 1366 16 6
-77 -28 286 797 6 11
7 -52 453 662 14 9
-61 -22 239 549 0 11
7 2 89 1517 24 3
-51 -66 49 969 12 6
-35 8 12 632 7 4
-33 22 424 1259 16 1
-85 -6 93 877 20 7
-35 -18 98 1191 9 11
-11 -66 153 1605 18 1
-77 -50 166 1453 10 2
-11 10 177 685 10 8
11 -6 437 661 8 8
-83 -8 83 896 14 10
-23 6 46 1478 15 8
5 -34 40 1264 19 5
-71 -66 198 1262 4 5
-7 -68 77 1006 17 10
-71 24 400 1769 26 1
-47 -72 59 868 11 5
-77 -54 425 1664 2 5
-53 24 16 510 12 6
-39 -72 197 1561 9 4
-3 6 18 1453 12 4
-59 10 446 596 11 10
-39 -54 99 571 7 9
-69 -14 195 1400 23 9
-23 4 247 1996 23 8
-41 -44 440 891 14 1
-27 18 439 1264 19 3
-25 14 334 1913 5 9
-77 4 181 1885 18 6
-51 -62 205 1184 12 9
-9 -32 175 712 2 3
-81 -54 464 587 21 8
-85 4 409 1337 24 5
-9 -56 151 634 24 11
-49 -8 159 1293 13 10
-25 121 135 289 14 8
-45 137 285 1687 13 1
-38 56 432 1900 14 11
-60 57 469 690 2 1
-19 146 49 531 14 1
-54 92 0 959 8 9
-9 147 30 922 10 3
-30 111 351 1019 19 2
-39 56 380 1097 23 1
-19 123 326 669 15 6
-35 117 471 846 0 2
-49 113 71 521 23 6
0 146 452 1203 5 3
-45 82 168 796 13 5
0 88 317 923 14 2
-35 141 1 1126 18 11
-45 57 3 652 8 6
-70 63 62 460 10 7
-69 52 108 1380 19 10
-29 62 317 1458 20 4
5 66 300 512 18 4
-38 76 114 1990 9 9
-24 131 132 1843 5 8
-10 147 454 1558 9 7
-70 73 66 868 23 1
-5 92 436 1392 10 1
-23 101 340 938 18 11
-18 126 273 1542 13 6
-4 52 162 1662 24 2
-35 56 370 671 20 6
5 116 189 510 8 8
-70 97 230 1030 3 2
-9 131 308 1911 24 9
132 55 256 409 6 6
72 73 125 1493 13 3
80 57 111 532 19 9
82 25 229 1524 13 10
120 99 494 1271 2 9
94 31 52 852 20 5
72 83 295 1874 15 11
68 87 142 496 11 9
78 73 406 1179 8 2
112 59 30 498 15 11
68 27 220 1097 0 2
140 33 58 1903 14 11
54 57 0 771 1 10
146 99 316 1176 11 8
122 73 488 1845 15 2
124 69 437 1171 2 5
86 39 223 567 18 2
146 15 266 1016 7 2
82 17 327 1221 22 7
76 21 292 1116 23 8
108 55 270 1652 18 7
110 71 90 1499 21 2
72 55 87 1022 12 3
118 51 341 1563 14 5
58 103 237 1678 2 9
56 33 182 1115 10 2
122 9 189 1216 9 10
74 89 5 1828 19 7
72 99 487 1347 4 1
74 99 243 1059 11 3
80 103 91 210 18 5
144 29 382 1381 11 7
124 49 396 1962 23 4
84 95 0 724 2 7
68 91 95 1082 12 7
114 91 117 1816 21 6
79 -25 20 1435 25 7
133 -46 158 1470 17 6
128 -70 175 519 2 4
94 5 448 890 10 2
173 -74 186 1537 6 8
167 -35 65 260 5 10
104 -39 244 1939 22 4
113 -31 45 1201 17 5
129 0 300 970 6 11
148 0 214 716 21 10
98 -4 326 1653 6 3
158 -4 234 631 26 11
107 -30 74 441 17 4
109 -19 336 725 12 11
142 -30 109 1423 12 5
134 14 471 1050 15 10
173 -54 60 1373 5 1
138 5 362 1821 11 7
113 -29 284 1177 5 1
92 -9 373 757 21 6
148 -64 76 1111 1 2
103 -35 137 1922 63 9
172 11 83 520 10 10
98 6 247 1316 11 5
92 -69 187 650 21 4
124 11 325 1680 12 4
148 -66 165 742 2 7
138 -26 290 1727 6 11
149 -5 109 1097 0 4
119 -75 466 1522 20 5
133 -66 450 1916 11 7
143 15 206 1715 17 10
164 -66 384 1153 26 7
93 -80 284 511 17 6
159 -49 158 1247 5 7
94 -65 335 1865 15 6
114 -25 181 1839 1 3
129 1 226 548 1 8
147 19 349 1229 16 9
107 -44 113 672 21 1
93 -9 380 1375 16 6
113 16 28 864 25 10
168 -35 167 981 22 2
119 -79 100 1799 16 11
114 -79 46 1882 22 8
89 9 114 1291 2 6
128 -55 360 1885 20 9
133 14 358 703 25 11
112 -45 388 1504 21 1
144 -39 8 1112 20 10
153 -44 222 1960 12 1
134 -10 266 1342 26 11
149 10 40 1956 17 7
134 -26 345 489 2 1
152 1 310 1503 16 3
94 -69 62 595 22 3
88 11 498 1129 12 7
74 -40 131 566 26 1
108 20 57 272 15 9
114 -36 161 664 10 4
114 -5 439 1865 16 5
133 -26 255 439 25 6
144 -45 469 1290 7 8
-35 -50 352 951 18 4
-65 -6 61 1019 23 6
-61 -4 109 793 14 8
-25 -4 75 697 12 9
-57 -56 162 1104 11 8
-75 -28 285 1909 9 9
3 -36 354 1170 15 6
-9 -6 324 969 10 7
-23 -30 189 637 13 9
9 -54 432 1075 16 4
-41 -40 333 1491 22 8
-55 -30 273 1198 19 4
-49 -8 365 1207 9 8
-39 -74 318 1920 18 11
-43 -34 202 1345 18 10
-57 -2 177 1541 14 9
-39 22 479 746 10 4
-25 -68 295 1015 19 10
-87 -28 262 865 19 3
-87 0 170 896 3 9
-41 -68 254 1090 19 9
-1 -32 372 1787 16 9
-39 10 0 961 2 5
-1 -38 150 686 18 8
-17 -38 435 1085 2 3
-53 -14 246 1822 5 11
-27 -40 352 1871 0 8
-73 -10 186 854 17 9
5 -20 35 954 23 11
-35 -72 56 207 6 11
-65 -34 430 699 12 10
-59 -4 103 835 3 1
-75 -2 265 835 22 6
-65 -6 213 1421 24 7
-41 -40 428 1262 24 4
-23 -54 402 1983 7 1
-69 -32 272 985 72 7
-83 -34 40 171 12 10
-37 -12 36 1355 27 6
1 -54 437 1858 12 4
-67 -28 267 1703 7 4
-21 -32 234 1652 11 2
-21 -64 186 1111 8 10
5 -34 412 1094 12 3
-35 -42 436 889 20 7
-19 -52 470 1916 14 10
-3 -8 109 1699 16 10
-63 -38 370 1337 16 3
-11 2 419 556 9 5
-7 -50 39 806 4 5
-69 -44 76 247 19 5
-51 14 391 1007 11 7
-53 18 380 1008 18 4
-15 -4 41 1356 8 9
-9 -16 38 1717 12 8
-53 -52 330 560 4 10
-57 -72 158 1206 15 7
-83 4 160 1514 22 2
9 -42 397 520 18 1
-31 8 74 745 6 11
-67 -22 433 1968 20 6
187 55 395 696 1 7
131 55 8 961 22 7
119 129 325 1219 16 5
141 41 177 1139 15 2
149 123 491 679 23 5
155 75 336 1269 7 10
183 61 271 481 11 7
193 81 55 1885 11 2
183 93 211 1478 7 5
109 39 245 1967 5 11
139 51 493 895 0 4
141 111 458 1894 16 4
179 51 47 956 18 5
163 125 220 1763 24 11
125 63 134 609 22 8
169 49 146 1584 19 5
133 37 111 1309 3 10
153 107 459 1125 6 7
157 105 333 1807 6 5
107 73 313 1983 2 3
107 85 347 1137 10 10
179 105 63 1475 12 2
101 33 484 1354 6 8
101 69 480 1779 16 7
159 37 493 723 18 8
123 105 226 730 7 7
141 63 272 987 72 5
185 125 143 651 23 10
137 59 431 1197 16 4
185 77 217 1162 22 2
193 45 396 1450 4 1
143 69 364 504 9 8
113 45 41 1245 22 2
181 43 204 1987 15 6
105 129 116 1195 7 7
193 87 404 1503 3 9
145 125 33 208 9 4
171 83 45 1850 11 10
113 93 247 658 10 9
-34 102 320 798 8 4
-15 155 314 1208 24 8
-67 190 159 616 24 2
4 148 297 560 2 10
17 96 66 492 24 10
-26 186 271 787 8 7
22 107 214 1221 12 4
-71 135 254 1974 4 8
-19 162 35 828 20 2
-53 108 170 1534 15 7
6 169 113 1306 0 6
-26 98 460 1342 21 1
20 137 177 1533 19 9
-63 100 405 1373 19 8
-27 101 167 1748 6 5
-18 123 358 1992 12 3
-47 182 388 1121 7 2
-62 117 6 1503 6 9
8 132 330 591 16 8
-73 175 322 1042 8 7
-74 132 307 630 16 6
22 145 33 898 21 11
-71 103 142 285 14 6
-15 152 361 869 3 9
8 118 254 1991 16 5
12 144 361 787 18 6
-75 158 194 694 22 11
-57 125 7 1696 1 11
15 95 155 1073 19 3
9 153 170 1533 14 3
-56 163 494 914 2 7
22 98 341 1636 9 8
-39 50 418 1334 6 1
33 64 388 1459 11 2
37 70 417 793 17 8
-17 82 320 478 22 9
33 70 92 900 8 3
-9 114 290 1307 16 11
-11 42 32 1500 19 7
37 106 457 1793 13 10
-7 106 202 1522 3 10
7 62 352 476 26 6
-49 62 272 1992 21 6
-21 72 207 1038 24 3
-27 56 342 971 20 11
-43 102 62 950 12 5
1 118 280 1785 9 9
37 126 50 368 10 3
5 136 113 1477 0 8
-11 124 65 1678 1 2
39 44 483 786 14 3
-17 112 497 1269 23 8
-41 84 6 764 16 5
-27 108 37 1048 6 1
-1 60 259 1733 12 7
19 100 140 1047 1 5
31 116 440 1264 5 8
25 98 35 728 2 10
27 44 462 961 15 3
17 72 297 1189 20 1
9 98 441 1561 13 9
-17 136 175 841 18 8
-39 72 284 857 14 11
-7 74 32 900 8 7
19 114 252 1166 7 7
33 108 212 704 8 5
29 68 24 266 21 8
23 118 76 1419 20 4
33 80 276 1295 24 3
7 46 122 1693 20 9
-23 46 230 771 22 2
-11 42 385 1148 20 2
1 118 226 1780 19 4
-7 114 181 1160 17 11
-15 64 353 1816 25 4
11 112 260 1723 14 7
-15 50 319 1509 12 8
54 -7 495 1993 4 11
55 13 55 601 22 2
103 -1 350 898 26 9
96 -4 373 1068 19 4
62 47 61 642 5 9
36 -23 48 640 13 4
113 -3 58 325 6 6
48 -18 23 1868 7 11
36 16 100 1477 1 9
100 66 111 1655 18 1
114 -15 313 887 2 4
45 63 327 1313 13 8
32 -8 171 1491 22 4
70 25 95 1858 3 4
89 10 247 661 15 8
74 49 142 1009 25 3
111 6 294 798 21 1
86 43 363 1743 2 10
68 55 212 1205 18 4
66 25 203 604 10 10
30 20 206 1778 1 9
88 64 423 656 8 4
42 39 356 1423 0 6
97 22 114 493 12 7
53 36 199 1839 2 11
60 26 97 1282 2 9
21 21 264 1133 14 2
47 72 144 477 20 2
21 16 312 615 17 8
72 53 86 498 26 9
65 6 150 1847 2 7
113 18 298 1373 3 8
76 65 76 1829 22 7
95 27 74 1858 18 11
101 62 377 768 24 10
54 6 239 1811 7 6
73 5 399 1892 13 10
48 -18 485 689 23 10
19 -5 121 1247 20 8
31 -22 264 670 25 4
93 -14 13 599 18 3
116 -23 345 1565 3 6
80 67 289 1974 6 7
57 -1 287 1071 23 5
82 38 484 1381 9 8
100 49 475 1075 2 11
106 27 73 460 2 10
71 62 496 1047 23 2
36 -16 309 1983 16 10
21 53 316 1400 30 6
101 -18 156 479 8 3
52 54 76 1537 10 8
106 45 129 1064 3 4
28 99 476 1562 4 10
26 115 62 473 10 9
-38 125 113 1899 23 7
-22 95 143 1398 2 2
-34 123 357 1993 7 9
-56 159 483 1427 20 9
-12 155 386 1944 18 1
-16 139 19 1069 19 9
-12 97 5 1683 8 9
-36 143 85 695 15 6
6 97 23 1965 12 5
-8 105 187 847 4 7
-16 109 365 1499 19 7
-54 149 91 332 22 4
2 167 178 1340 21 10
26 181 342 1527 22 3
24 177 234 1419 1 3
2 173 305 1169 15 1
38 107 485 1358 15 5
16 109 471 944 14 9
-46 177 124 956 20 4
-40 95 179 544 3 8
-34 105 228 809 22 2
26 145 33 1073 26 2
-52 167 469 631 6 7
14 119 126 1020 24 8
-12 111 198 1399 15 11
32 91 289 895 15 10
34 177 467 1440 0 1
-30 175 339 1075 18 10
-50 89 36 1726 4 1
-24 95 58 1342 14 6
-36 131 301 1866 22 9
2 109 23 301 9 10
-38 183 207 1574 5 2
-46 157 357 1631 20 5
12 163 209 1313 7 7
14 97 268 1031 21 3
-40 109 460 1961 26 4
2 107 322 1380 14 6
26 95 424 1515 2 1
0 85 182 499 17 2
2 129 128 1265 7 8
-36 119 86 509 19 11
14 131 469 1200 20 5
42 165 70 1355 18 2
30 85 43 1205 11 8
-4 167 426 1248 2 4
2 149 469 1053 5 2
22 151 145 1289 10 5
-30 85 277 1127 20 5
10 105 350 716 21 3
-28 177 272 1599 14 9
-20 181 243 648 14 5
-38 147 385 1106 23 5
8 101 272 384 6 3
-26 167 104 1010 15 5
40 151 325 1276 21 10
26 97 248 1932 15 4
-16 181 240 1291 23 4
-38 105 451 557 2 7
20 157 248 2000 24 8
-36 153 290 967 2 1
60 5 353 1496 9 2
2 -33 341 684 21 2
30 33 298 1119 21 7
40 5 208 572 17 2
56 -55 314 976 20 10
64 29 497 1994 23 9
44 -47 364 1839 42 4
94 -59 42 785 24 2
54 27 379 1990 18 2
42 -3 41 1278 23 5
34 -21 378 676 24 9
18 19 68 1871 18 3
82 5 266 761 19 9
56 19 485 1560 3 3
10 31 104 1727 1 7
2 -7 306 1060 5 11
44 -53 204 1038 20 3
52 -53 127 348 48 3
14 13 223 1759 1 11
84 -27 487 1364 21 5
20 -35 426 687 18 10
84 13 155 290 2 10
18 -25 490 1647 17 6
64 -7 398 1390 19 10
14 5 113 317 11 11
26 29 52 317 0 7
28 -25 129 920 2 1
32 -37 299 1163 16 7
0 -5 95 1067 11 1
6 17 244 1192 7 5
20 -11 357 1421 17 8
48 -55 124 385 9 5
80 19 482 1079 23 9
78 25 370 1467 21 10
62 -7 447 1005 4 8
62 33 282 635 14 6
92 19 105 1414 2 2
44 -17 178 1321 9 2
88 17 259 1662 22 9
44 -55 229 1160 6 1
84 -53 17 375 10 2
94 -37 492 793 18 4
6 1 113 804 19 11
36 17 176 816 13 1
80 21 484 1471 20 8
14 31 42 1599 11 2
68 5 250 1399 5 7
32 29 49 1503 2 11
88 11 49 1726 24 1
0 -51 405 563 9 8
82 23 453 1989 17 7
28 -49 182 1377 9 8
58 5 190 1631 5 6
30 -3 422 1882 9 6
40 33 338 965 6 10
82 -47 92 529 2 4
46 -57 297 1401 11 6
14 -25 265 723 11 3
84 -29 351 1828 18 2
12 -39 220 498 2 11
16 1 417 1075 16 10
50 47 498 1259 22 9
-22 -7 101 1755 10 2
26 59 77 228 12 1
-24 15 437 1316 5 4
20 3 233 872 3 10
-24 39 5 1820 3 11
68 7 75 722 20 10
32 83 17 1327 20 8
-4 89 406 695 24 6
-16 27 464 624 0 2
54 27 69 963 24 9
18 11 160 1961 5 10
-12 27 195 539 20 11
68 -1 285 1183 3 1
6 69 221 1322 23 5
42 5 171 503 26 8
2 41 491 1305 3 3
56 -1 422 902 15 2
20 21 499 796 7 10
72 65 138 1921 4 10
44 15 477 1605 16 7
2 27 332 451 20 11
2 19 258 1314 21 3
6 43 489 1157 9 2
-18 27 78 1094 24 7
-10 75 450 613 3 1
50 5 469 1800 6 5
28 17 102 1728 14 10
0 25 147 781 13 9
22 41 174 1425 6 11
-22 63 193 731 1 4
30 5 493 1431 6 6
16 79 260 1531 19 9
68 41 177 851 24 11
50 65 357 1763 6 7
-6 11 93 1498 7 3
48 13 121 361 13 11
12 11 255 898 2 11
112 29 470 864 7 9
102 39 188 420 21 3
42 40 389 576 11 4
117 64 100 1071 21 8
72 90 239 1713 22 4
93 103 45 1439 10 5
38 54 204 1637 25 3
108 65 305 1318 16 2
42 19 315 427 11 10
58 45 69 1391 21 4
61 50 293 1615 0 10
97 99 468 1824 17 9
72 74 140 401 26 5
112 80 164 1825 15 9
108 89 391 869 6 4
72 79 270 592 5 9
86 74 110 1334 7 3
107 83 248 1358 16 6
77 83 242 1833 15 4
52 59 418 1897 1 10
102 109 479 1249 17 7
28 63 12 668 66 4
36 85 265 1771 21 10
62 64 105 333 16 3
77 73 455 1323 25 1
28 28 355 1485 7 8
98 103 307 607 11 1
72 78 326 1216 17 7
52 73 441 601 17 1
33 25 494 1691 25 6
37 114 358 1738 22 9
53 55 164 1184 22 9
78 24 288 485 2 10
